
Round: 0
00000000
00000000
00000000
00000000
00000000
00000000
00000000
00000000

Valid moves for 1:
3, 3
3, 4
4, 3
4, 4

Player 1: 3, 3

After move by Player 1
00000000
00000000
00000000
00000000
00010000
00000000
00000000
00000000


Round: 1
00000000
00000000
00000000
00000000
00010000
00000000
00000000
00000000

Valid moves for 2:
3, 4
4, 3
4, 4

Player 2: 3, 4

After move by Player 2
00000000
00000000
00000000
00000000
00012000
00000000
00000000
00000000


Round: 2
00000000
00000000
00000000
00000000
00012000
00000000
00000000
00000000

Valid moves for 1:
4, 3
4, 4

Player 1: 4, 4

After move by Player 1
00000000
00000000
00000000
00001000
00012000
00000000
00000000
00000000


Round: 3
00000000
00000000
00000000
00001000
00012000
00000000
00000000
00000000

Valid moves for 2:
4, 3

Player 2: 4, 3

After move by Player 2
00000000
00000000
00000000
00021000
00012000
00000000
00000000
00000000


Round: 4
00000000
00000000
00000000
00021000
00012000
00000000
00000000
00000000

Valid moves for 1:
2, 4
3, 5
4, 2
5, 3

Player 1: 4, 2

After move by Player 1
00000000
00000000
00000000
00111000
00012000
00000000
00000000
00000000


Round: 5
00000000
00000000
00000000
00111000
00012000
00000000
00000000
00000000

Valid moves for 2:
3, 2
5, 2
5, 4

Player 2: 3, 2

After move by Player 2
00000000
00000000
00000000
00111000
00222000
00000000
00000000
00000000


Round: 6
00000000
00000000
00000000
00111000
00222000
00000000
00000000
00000000

Valid moves for 1:
2, 1
2, 2
2, 3
2, 4
2, 5

Player 1: 2, 5

After move by Player 1
00000000
00000000
00000000
00111000
00221000
00000100
00000000
00000000


Round: 7
00000000
00000000
00000000
00111000
00221000
00000100
00000000
00000000

Valid moves for 2:
3, 5
5, 1
5, 2
5, 3
5, 4
5, 5

Player 2: 5, 1

After move by Player 2
00000000
00000000
02000000
00211000
00221000
00000100
00000000
00000000


Round: 8
00000000
00000000
02000000
00211000
00221000
00000100
00000000
00000000

Valid moves for 1:
2, 1
2, 2
2, 3
3, 1
4, 1

Player 1: 2, 1

After move by Player 1
00000000
00000000
02000000
00211000
00121000
01000100
00000000
00000000


Round: 9
00000000
00000000
02000000
00211000
00121000
01000100
00000000
00000000

Valid moves for 2:
2, 2
3, 1
3, 5
4, 5
5, 3
5, 5

Player 2: 5, 3

After move by Player 2
00000000
00000000
02020000
00221000
00121000
01000100
00000000
00000000


Round: 10
00000000
00000000
02020000
00221000
00121000
01000100
00000000
00000000

Valid moves for 1:
2, 2
4, 1
5, 2
5, 4
6, 2

Player 1: 2, 2

After move by Player 1
00000000
00000000
02020000
00221000
00111000
01100100
00000000
00000000


Round: 11
00000000
00000000
02020000
00221000
00111000
01100100
00000000
00000000

Valid moves for 2:
1, 0
1, 2
1, 6
2, 3
2, 4
3, 5
4, 5

Player 2: 1, 0

After move by Player 2
00000000
00000000
02020000
00221000
00211000
02100100
20000000
00000000


Round: 12
00000000
00000000
02020000
00221000
00211000
02100100
20000000
00000000

Valid moves for 1:
2, 0
3, 1
4, 1
5, 2
6, 0
6, 2
6, 3

Player 1: 2, 0

After move by Player 1
00000000
00000000
02020000
00221000
00211000
11100100
20000000
00000000


Round: 13
00000000
00000000
02020000
00221000
00211000
11100100
20000000
00000000

Valid moves for 2:
1, 2
1, 6
2, 3
2, 4
3, 0
3, 5
4, 5

Player 2: 1, 2

After move by Player 2
00000000
00000000
02020000
00221000
00211000
11200100
20200000
00000000


Round: 14
00000000
00000000
02020000
00221000
00211000
11200100
20200000
00000000

Valid moves for 1:
0, 0
0, 3
1, 1
2, 3
3, 1
4, 1
5, 2
5, 4
6, 0
6, 2
6, 3

Player 1: 6, 2

After move by Player 1
00000000
00100000
02010000
00221000
00211000
11200100
20200000
00000000


Round: 15
00000000
00100000
02010000
00221000
00211000
11200100
20200000
00000000

Valid moves for 2:
1, 6
2, 3
2, 4
3, 0
3, 5
4, 5
5, 5
6, 3
6, 4
7, 3

Player 2: 6, 4

After move by Player 2
00000000
00102000
02020000
00221000
00211000
11200100
20200000
00000000


Round: 16
00000000
00102000
02020000
00221000
00211000
11200100
20200000
00000000

Valid moves for 1:
0, 0
0, 3
1, 1
2, 3
3, 1
4, 0
4, 1
5, 2
5, 4
6, 0
6, 3

Player 1: 5, 4

After move by Player 1
00000000
00102000
02021000
00211000
00111000
11200100
20200000
00000000


Round: 17
00000000
00102000
02021000
00211000
00111000
11200100
20200000
00000000

Valid moves for 2:
2, 3
2, 4
3, 0
3, 5
4, 5
5, 5
6, 5
7, 1
7, 3

Player 2: 7, 3

After move by Player 2
00020000
00202000
02021000
00211000
00111000
11200100
20200000
00000000


Round: 18
00020000
00202000
02021000
00211000
00111000
11200100
20200000
00000000

Valid moves for 1:
0, 0
0, 2
0, 3
1, 1
2, 3
4, 1
5, 2
6, 0
6, 3
7, 1
7, 4

Player 1: 6, 0

After move by Player 1
00020000
10202000
01021000
00111000
00111000
11200100
20200000
00000000


Round: 19
00020000
10202000
01021000
00111000
00111000
11200100
20200000
00000000

Valid moves for 2:
2, 3
2, 4
3, 0
3, 1
3, 5
4, 0
5, 2
5, 5
6, 5

Player 2: 5, 2

After move by Player 2
00020000
10202000
01221000
00211000
00211000
11200100
20200000
00000000


Round: 20
00020000
10202000
01221000
00211000
00211000
11200100
20200000
00000000

Valid moves for 1:
0, 0
0, 3
1, 1
2, 3
3, 1
4, 1
6, 1
6, 3
7, 1
7, 4

Player 1: 7, 4

After move by Player 1
00021000
10201000
01221000
00211000
00211000
11200100
20200000
00000000


Round: 21
00021000
10201000
01221000
00211000
00211000
11200100
20200000
00000000

Valid moves for 2:
1, 6
2, 3
2, 4
3, 0
3, 5
4, 0
4, 5
5, 0
5, 5
6, 5
7, 5

Player 2: 2, 3

After move by Player 2
00021000
10201000
01221000
00221000
00221000
11220100
20200000
00000000


Round: 22
00021000
10201000
01221000
00221000
00221000
11220100
20200000
00000000

Valid moves for 1:
0, 0
0, 1
0, 3
1, 1
2, 4
3, 1
4, 1
6, 1
7, 1
7, 2

Player 1: 0, 3

After move by Player 1
00021000
10201000
01221000
00221000
00221000
11220100
20100000
00010000


Round: 23
00021000
10201000
01221000
00221000
00221000
11220100
20100000
00010000

Valid moves for 2:
0, 1
0, 2
1, 6
3, 0
3, 5
4, 0
4, 5
5, 0
5, 5
6, 5
7, 5

Player 2: 7, 5

After move by Player 2
00022200
10202000
01221000
00221000
00221000
11220100
20100000
00010000


Round: 24
00022200
10202000
01221000
00221000
00221000
11220100
20100000
00010000

Valid moves for 1:
0, 0
1, 1
2, 4
3, 1
4, 1
6, 1
7, 1
7, 2

Player 1: 1, 1

After move by Player 1
00022200
10202000
01221000
00221000
00211000
11120100
21100000
00010000


Round: 25
00022200
10202000
01221000
00221000
00211000
11120100
21100000
00010000

Valid moves for 2:
0, 1
0, 2
1, 3
1, 6
2, 4
3, 0
3, 5
4, 0
4, 5
5, 0
5, 5
6, 5

Player 2: 1, 3

After move by Player 2
00022200
10202000
01221000
00221000
00211000
11120100
22220000
00010000


Round: 26
00022200
10202000
01221000
00221000
00211000
11120100
22220000
00010000

Valid moves for 1:
0, 0
0, 1
0, 2
0, 4
2, 4
3, 1
4, 1
6, 1
6, 3
7, 1
7, 2

Player 1: 7, 2

After move by Player 1
00122200
10102000
01121000
00121000
00111000
11120100
22220000
00010000


Round: 27
00122200
10102000
01121000
00121000
00111000
11120100
22220000
00010000

Valid moves for 2:
1, 6
2, 4
3, 0
3, 1
3, 5
4, 0
4, 1
4, 5
5, 0
5, 5
6, 1
6, 5
7, 1

Player 2: 4, 0

After move by Player 2
00122200
10202000
02121000
20121000
00111000
11120100
22220000
00010000


Round: 28
00122200
10202000
02121000
20121000
00111000
11120100
22220000
00010000

Valid moves for 1:
0, 0
0, 1
0, 2
0, 4
1, 4
2, 4
5, 0
6, 3
7, 1
7, 6

Player 1: 2, 4

After move by Player 1
00122200
10202000
02121000
20121000
00111000
11111100
22220000
00010000


Round: 29
00122200
10202000
02121000
20121000
00111000
11111100
22220000
00010000

Valid moves for 2:
1, 4
1, 5
1, 6
3, 0
3, 1
3, 5
4, 1
4, 5
5, 5
6, 1
6, 5
7, 1

Player 2: 1, 5

After move by Player 2
00122200
10202000
02121000
20221000
00121000
11112100
22220200
00010000


Round: 30
00122200
10202000
02121000
20221000
00121000
11112100
22220200
00010000

Valid moves for 1:
0, 0
0, 1
0, 2
0, 4
0, 5
0, 6
1, 4
4, 1
5, 0
6, 3
7, 1
7, 6

Player 1: 1, 4

After move by Player 1
00122200
10202000
02121000
20221000
00121000
11111100
22221200
00010000


Round: 31
00122200
10202000
02121000
20221000
00121000
11111100
22221200
00010000

Valid moves for 2:
0, 4
1, 6
3, 0
3, 1
3, 5
4, 5
5, 5
6, 1
6, 5
7, 1

Player 2: 6, 5

After move by Player 2
00122200
10202200
02122000
20221000
00121000
11111100
22221200
00010000


Round: 32
00122200
10202200
02122000
20221000
00121000
11111100
22221200
00010000

Valid moves for 1:
0, 0
0, 1
0, 2
0, 4
0, 5
0, 6
1, 6
4, 1
5, 0
5, 5
6, 3
7, 1
7, 6

Player 1: 7, 1

After move by Player 1
01122200
10102200
02112000
20221000
00121000
11111100
22221200
00010000


Round: 33
01122200
10102200
02112000
20221000
00121000
11111100
22221200
00010000

Valid moves for 2:
0, 4
1, 6
3, 0
3, 1
3, 5
4, 5
5, 5
6, 1
6, 3
7, 0

Player 2: 3, 5

After move by Player 2
01122200
10102200
02112000
20221000
00122200
11112200
22221200
00010000


Round: 34
01122200
10102200
02112000
20221000
00122200
11112200
22221200
00010000

Valid moves for 1:
0, 0
0, 1
0, 2
0, 4
0, 6
1, 6
2, 6
3, 1
3, 6
4, 1
4, 5
5, 0
5, 5
7, 6

Player 1: 4, 5

After move by Player 1
01122200
10102200
02112000
20221100
00121200
11112200
22221200
00010000


Round: 35
01122200
10102200
02112000
20221100
00121200
11112200
22221200
00010000

Valid moves for 2:
0, 4
3, 0
3, 1
3, 6
4, 6
5, 5
5, 6
6, 1
6, 3
7, 0

Player 2: 3, 0

After move by Player 2
01122200
10102200
02112000
20221100
20121200
22112200
22221200
00010000


Round: 36
01122200
10102200
02112000
20221100
20121200
22112200
22221200
00010000

Valid moves for 1:
0, 0
0, 1
0, 2
0, 4
0, 5
0, 6
1, 6
2, 6
3, 1
3, 6
4, 1
5, 0
5, 5
6, 3
7, 6

Player 1: 5, 0

After move by Player 1
01122200
10102200
11112000
20221100
20121200
22112200
22221200
00010000


Round: 37
01122200
10102200
11112000
20221100
20121200
22112200
22221200
00010000

Valid moves for 2:
0, 4
3, 1
3, 6
4, 6
5, 5
5, 6
6, 1
6, 3
7, 0

Player 2: 3, 1

After move by Player 2
01122200
10102200
11112000
20221100
22221200
22212200
22221200
00010000


Round: 38
01122200
10102200
11112000
20221100
22221200
22212200
22221200
00010000

Valid moves for 1:
0, 0
0, 1
0, 2
0, 5
0, 6
1, 6
2, 6
3, 6
4, 1
5, 5
6, 3
7, 6

Player 1: 5, 5

After move by Player 1
01122200
10102200
11111100
20221100
22221200
22212200
22221200
00010000


Round: 39
01122200
10102200
11111100
20221100
22221200
22212200
22221200
00010000

Valid moves for 2:
0, 4
0, 5
4, 6
5, 6
6, 1
6, 3
6, 6
7, 0

Player 2: 5, 6

After move by Player 2
01122200
10102200
11111120
20221200
22222200
22222200
22221200
00010000


Round: 40
01122200
10102200
11111120
20221200
22222200
22222200
22221200
00010000

Valid moves for 1:
0, 0
0, 2
0, 5
0, 6
1, 6
2, 6
3, 6
4, 1
4, 6
5, 7
7, 6

Player 1: 2, 6

After move by Player 1
01122200
10102200
11111120
20221200
22222100
22222210
22221200
00010000


Round: 41
01122200
10102200
11111120
20221200
22222100
22222210
22221200
00010000

Valid moves for 2:
0, 4
0, 5
2, 7
3, 6
3, 7
4, 6
6, 1
6, 3
6, 6
7, 0

Player 2: 6, 6

After move by Player 2
01122200
10102220
11111220
20222200
22222100
22222210
22221200
00010000


Round: 42
01122200
10102220
11111220
20222200
22222100
22222210
22221200
00010000

Valid moves for 1:
0, 0
0, 2
0, 4
0, 5
0, 6
1, 6
3, 6
4, 1
5, 7
7, 6

Player 1: 0, 5

After move by Player 1
01122200
10102220
11111220
20222200
22222100
22222110
22221100
00010100


Round: 43
01122200
10102220
11111220
20222200
22222100
22222110
22221100
00010100

Valid moves for 2:
0, 4
0, 6
1, 6
1, 7
2, 7
3, 6
4, 6
6, 1
6, 3
7, 0

Player 2: 7, 0

After move by Player 2
22222200
20102220
21111220
20222200
22222100
22222110
22221100
00010100


Round: 44
22222200
20102220
21111220
20222200
22222100
22222110
22221100
00010100

Valid moves for 1:
0, 2
3, 6
4, 1
5, 7
7, 6

Player 1: 3, 6

After move by Player 1
22222200
20102220
21111220
20222100
22222110
22222110
22221100
00010100


Round: 45
22222200
20102220
21111220
20222100
22222110
22222110
22221100
00010100

Valid moves for 2:
0, 4
0, 6
1, 6
1, 7
2, 7
3, 7
4, 6
6, 1
6, 3

Player 2: 1, 6

After move by Player 2
22222200
20102220
21111220
20222100
22222110
22222210
22222220
00010100


Round: 46
22222200
20102220
21111220
20222100
22222110
22222210
22222220
00010100

Valid moves for 1:
0, 1
0, 2
0, 4
0, 6
0, 7
2, 7
4, 1
5, 7
6, 7
7, 6

Player 1: 7, 6

After move by Player 1
22222210
20102120
21111220
20222100
22222110
22222210
22222220
00010100


Round: 47
22222210
20102120
21111220
20222100
22222110
22222210
22222220
00010100

Valid moves for 2:
1, 7
2, 7
3, 7
4, 6
4, 7
6, 1
6, 3
7, 7

Player 2: 7, 7

After move by Player 2
22222222
20102120
21111220
20222100
22222110
22222210
22222220
00010100


Round: 48
22222222
20102120
21111220
20222100
22222110
22222210
22222220
00010100

Valid moves for 1:
0, 1
0, 2
0, 4
0, 6
0, 7
2, 7
4, 1
4, 7
5, 7
6, 3
6, 7

Player 1: 0, 1

After move by Player 1
22222222
20102120
21111220
20222100
22221110
22212210
22122220
01010100


Round: 49
22222222
20102120
21111220
20222100
22221110
22212210
22122220
01010100

Valid moves for 2:
0, 2
1, 7
2, 7
3, 7
4, 6
4, 7
6, 1
6, 3

Player 2: 3, 7

After move by Player 2
22222222
20102120
21111220
20222100
22222222
22212220
22122220
01010100


Round: 50
22222222
20102120
21111220
20222100
22222222
22212220
22122220
01010100

Valid moves for 1:
0, 4
0, 6
0, 7
1, 7
2, 7
4, 1
4, 7
5, 7
6, 3
6, 7

Player 1: 0, 6

After move by Player 1
22222222
20102120
21111220
20122100
22212222
22211220
22122120
01010110


Round: 51
22222222
20102120
21111220
20122100
22212222
22211220
22122120
01010110

Valid moves for 2:
0, 2
0, 4
4, 1
4, 6
6, 1
6, 3

Player 2: 4, 6

After move by Player 2
22222222
20102120
21111220
20122220
22212222
22211220
22122120
01010110


Round: 52
22222222
20102120
21111220
20122220
22212222
22211220
22122120
01010110

Valid moves for 1:
0, 0
0, 2
0, 4
0, 7
1, 7
2, 7
4, 1
4, 7
5, 7
6, 3
6, 7

Player 1: 4, 1

After move by Player 1
22222222
20102120
21111220
21122220
21112222
21211220
21122120
01010110


Round: 53
22222222
20102120
21111220
21122220
21112222
21211220
21122120
01010110

Valid moves for 2:
0, 0
0, 2
0, 4
6, 1
6, 3

Player 2: 6, 3

After move by Player 2
22222222
20122120
21222220
22122220
21112222
21211220
21122120
01010110


Round: 54
22222222
20122120
21222220
22122220
21112222
21211220
21122120
01010110

Valid moves for 1:
0, 2
0, 4
1, 7
2, 7
4, 7
5, 7
6, 7

Player 1: 0, 4

After move by Player 1
22222222
20122120
21222220
22122220
21112222
21111220
21111120
01011110


Round: 55
22222222
20122120
21222220
22122220
21112222
21111220
21111120
01011110

Valid moves for 2:
0, 0
0, 2
6, 1

Player 2: 0, 2

After move by Player 2
22222222
20122120
21222220
22222220
21212222
21212220
22221120
01211110


Round: 56
22222222
20122120
21222220
22222220
21212222
21212220
22221120
01211110

Valid moves for 1:
0, 0
1, 7
2, 7
4, 7
5, 7
6, 7

Player 1: 0, 0

After move by Player 1
22222222
20122120
21222220
22222220
21212222
21112220
21221120
11211110


Round: 57
22222222
20122120
21222220
22222220
21212222
21112220
21221120
11211110

Valid moves for 2:
0, 7
6, 1

Player 2: 0, 7

After move by Player 2
22222222
20122120
21222220
22222220
21212222
21112220
21221120
11222222


Round: 58
22222222
20122120
21222220
22222220
21212222
21112220
21221120
11222222

Valid moves for 1:
1, 7
2, 7
4, 7
5, 7
6, 7

Player 1: 2, 7

After move by Player 1
22222222
20122120
21222220
22222220
21212222
21111111
21221120
11222222


Round: 59
22222222
20122120
21222220
22222220
21212222
21111111
21221120
11222222

Valid moves for 2:
1, 7
6, 1

Player 2: 6, 1

After move by Player 2
22222222
22222120
22222220
22222220
21212222
21111111
21221120
11222222


Round: 60
22222222
22222120
22222220
22222220
21212222
21111111
21221120
11222222

Valid moves for 1:
1, 7
4, 7
5, 7
6, 7

Player 1: 5, 7

After move by Player 1
22222222
22222120
22222221
22222210
21212122
21111111
21221120
11222222


Round: 61
22222222
22222120
22222221
22222210
21212122
21111111
21221120
11222222

Valid moves for 2:
1, 7
4, 7

Player 2: 1, 7

After move by Player 2
22222222
22222120
22222221
22222210
21212222
21111122
21221122
11222222


Round: 62
22222222
22222120
22222221
22222210
21212222
21111122
21221122
11222222

Valid moves for 1:
4, 7
6, 7

Player 1: 6, 7

After move by Player 1
22222222
22222111
22222211
22222110
21211222
21111122
21221122
11222222


Round: 63
22222222
22222111
22222211
22222110
21211222
21111122
21221122
11222222

Valid moves for 2:
4, 7

Player 2: 4, 7

After move by Player 2
22222222
22222212
22222222
22222222
21211222
21111122
21221122
11222222


Round: 64
22222222
22222212
22222222
22222222
21211222
21111122
21221122
11222222

Valid moves for 1:

Player 1 can't move

Round: 64
22222222
22222212
22222222
22222222
21211222
21111122
21221122
11222222

Valid moves for 2:

Player 2 can't move

Black: 14
White: 50

